The Table of 1 : [1, 2, 3, 4, 5, 6, 7, 8, 9, 10] 
The Table of 2 : [2, 4, 6, 8, 10, 12, 14, 16, 18, 20] 
The Table of 3 : [3, 6, 9, 12, 15, 18, 21, 24, 27, 30] 
The Table of 4 : [4, 8, 12, 16, 20, 24, 28, 32, 36, 40] 
The Table of 5 : [5, 10, 15, 20, 25, 30, 35, 40, 45, 50] 
The Table of 6 : [6, 12, 18, 24, 30, 36, 42, 48, 54, 60] 
The Table of 7 : [7, 14, 21, 28, 35, 42, 49, 56, 63, 70] 
The Table of 8 : [8, 16, 24, 32, 40, 48, 56, 64, 72, 80] 
The Table of 9 : [9, 18, 27, 36, 45, 54, 63, 72, 81, 90] 
The Table of 10 : [10, 20, 30, 40, 50, 60, 70, 80, 90, 100] 
The Table of 67 : [67, 134, 201, 268, 335, 402, 469, 536, 603, 670] 
The Table of 69 : [69, 138, 207, 276, 345, 414, 483, 552, 621, 690] 
